1 0.246968 0.825925
2 0.265064 0.718190
3 0.209082 0.489799
4 0.345228 0.493330
5 0.387079 0.361278
6 0.503620 0.604497
7 0.732141 0.199890
8 0.745818 0.222528
9 0.919042 0.978258
10 0.590384 0.825101
11 0.978122 0.787145
12 0.856636 0.407277
13 0.100886 0.083663
14 0.901583 0.738920
15 0.620068 0.972877
16 0.218075 0.139243
17 0.718177 0.752171
18 0.599916 0.732847
19 0.186549 0.626939
20 0.310186 0.087837
21 0.314581 0.059440
22 0.496974 0.204740
23 0.210618 0.025024
24 0.574908 0.318973
25 0.074790 0.472267
26 0.024606 0.882331
27 0.671273 0.812354
28 0.600460 0.606792
29 0.785398 0.152715
30 0.318666 0.466607
31 0.551497 0.192231
32 0.482813 0.691023
33 0.072558 0.485834
34 0.556729 0.014559
35 0.194890 0.809511
36 0.051254 0.820480
37 0.275211 0.760466
38 0.872429 0.787957
39 0.474347 0.017210
40 0.021171 0.547526
41 0.761963 0.059755
42 0.016532 0.750708
43 0.291316 0.540691
44 0.448597 0.387165
45 0.700889 0.672970
46 0.345991 0.508630
47 0.071037 0.884210
48 0.671351 0.339161
49 0.159705 0.956724
50 0.745915 0.676652
51 0.365495 0.192685
52 0.295469 0.456535
53 0.576351 0.932293
54 0.657643 0.333785
55 0.931851 0.515543
56 0.039931 0.454019
57 0.053511 0.043484
58 0.740169 0.922946
59 0.678724 0.731841
60 0.907419 0.923443
61 0.249563 0.516837
62 0.210600 0.337147
63 0.623995 0.766895
64 0.170289 0.484545
65 0.037275 0.531009
66 0.577699 0.854396
67 0.824037 0.544485
68 0.184395 0.647952
69 0.308463 0.020179
70 0.533791 0.625511
71 0.753440 0.978076
72 0.840352 0.758975
73 0.662345 0.481685
74 0.220017 0.404730
75 0.000112 0.235185
